cache_lines,MRC
256,0.051369
512,0.0273839
768,0.00421079
1024,0.000964995
1280,0.000640625
1536,0.000543314
1792,0.000381129
2048,0.000332474
2304,0.000283818
2560,0.000251381
2816,0.000243272
3072,0.000235163
3328,0.000210835
3584,0.000202726
3840,0.000186507
4096,0.00016218
4352,0.00015407
4608,0.000145961
4864,0.000145961
5120,0.000113524
5376,9.73057e-05
5632,6.48687e-05
5888,5.67595e-05
6144,3.24317e-05
6400,2.43225e-05
6656,2.43225e-05
6912,2.43225e-05
7168,2.43225e-05
7424,2.43225e-05
7680,2.43225e-05
7936,2.43225e-05
8192,2.43225e-05
8448,2.43225e-05
8704,2.43225e-05
8960,2.43225e-05
9216,2.43225e-05
9472,2.43225e-05
9728,2.43225e-05
9984,2.43225e-05
10240,2.43225e-05
10496,2.43225e-05
10752,2.43225e-05
11008,2.43225e-05
11264,2.43225e-05
11520,2.43225e-05
11776,2.43225e-05
12032,2.43225e-05
12288,2.43225e-05
12544,2.43225e-05
12800,2.43225e-05
13056,2.43225e-05
13312,2.43225e-05
13568,2.43225e-05
13824,2.43225e-05
14080,2.43225e-05
14336,2.43225e-05
14592,2.43225e-05
14848,2.43225e-05
15104,2.43225e-05
15360,2.43225e-05
15616,2.43225e-05
15872,2.43225e-05
16128,2.43225e-05
16384,2.43225e-05
16640,2.43225e-05
16896,2.43225e-05
17152,2.43225e-05
17408,2.43225e-05
17664,2.43225e-05
17920,2.43225e-05
18176,2.43225e-05
18432,2.43225e-05
18688,2.43225e-05
18944,2.43225e-05
19200,2.43225e-05
19456,2.43225e-05
19712,2.43225e-05
19968,2.43225e-05
20224,2.43225e-05
20480,2.43225e-05
20736,2.43225e-05
20992,2.43225e-05
21248,2.43225e-05
21504,2.43225e-05
21760,2.43225e-05
22016,2.43225e-05
22272,2.43225e-05
22528,2.43225e-05
22784,2.43225e-05
23040,2.43225e-05
23296,2.43225e-05
23552,2.43225e-05
23808,2.43225e-05
24064,2.43225e-05
24320,2.43225e-05
24576,2.43225e-05
24832,2.43225e-05
25088,2.43225e-05
25344,2.43225e-05
25600,2.43225e-05
25856,2.43225e-05
26112,2.43225e-05
26368,2.43225e-05
26624,2.43225e-05
26880,2.43225e-05
27136,2.43225e-05
27392,2.43225e-05
27648,2.43225e-05
27904,2.43225e-05
28160,2.43225e-05
28416,2.43225e-05
28672,2.43225e-05
28928,2.43225e-05
29184,2.43225e-05
29440,2.43225e-05
29696,2.43225e-05
29952,2.43225e-05
